[gd_scene load_steps=3 format=2]

[ext_resource path="res://scenes/assets/LowPolyNaturePack/Trees/Pine_Tree_01.fbx" type="PackedScene" id=1]
[ext_resource path="res://scenes/assets/LowPolyNaturePack/Pine_Tree_01.tscn" type="PackedScene" id=2]


[node name="Glitch_Tree" instance=ExtResource( 1 )]

[node name="Pine_Tree_02" parent="." index="0"]
transform = Transform( 38.5324, -38.3973, -2.63006, 3.31312, -3.3015, 30.5882, -38.539, -38.6746, -3.65985e-06, 0, 0, 0 )

[node name="Pine_Tree_01" parent="." index="1" instance=ExtResource( 2 )]
transform = Transform( 1, 0, 0, 0, 0.929347, -0.369207, 0, 0.369207, 0.929347, 0, 0, 0 )

[node name="Pine_Tree_03" parent="." index="2" instance=ExtResource( 2 )]
transform = Transform( 1, 0, 0, 0, 0.949242, 0.314545, 0, -0.314545, 0.949242, 0, 0.85, 0 )

[node name="Pine_Tree_04" parent="." index="3" instance=ExtResource( 2 )]
transform = Transform( 0.921234, 0.330794, -0.204701, -0.346018, 0.93726, -0.0426169, 0.177761, 0.11009, 0.977896, 0, 0.85, 0 )
